0 86 33 33 ff 32 5f 30 54 45 53 54 5f 30 86 dd 60 00 00 00 00 20 3a ff 2a 0e aa 06 04 97 00 00 00 00 00 00 00 00 00 02 ff 02 00 00 00 00 00 00 00 00 00 01 ff 32 5f 30 87 00 43 8a 00 00 00 00 fe 80 00 00 00 00 00 00 56 57 44 ff fe 32 5f 30 01 01 54 45 53 54 5f 30
0 86 33 33 ff 32 5f 30 54 45 53 54 5f 30 86 dd 60 00 00 00 00 20 3a ff fe 80 00 00 00 00 00 00 56 45 53 ff fe 54 5f 30 ff 02 00 00 00 00 00 00 00 00 00 01 ff 32 5f 30 87 00 15 ed 00 00 00 00 fe 80 00 00 00 00 00 00 56 57 44 ff fe 32 5f 30 01 01 54 45 53 54 5f 30
0 86 ff ff ff ff ff ff 54 45 53 54 5f 30 86 dd 60 00 00 00 00 20 3a ff 2a 0e aa 06 04 97 00 00 00 00 00 00 00 00 00 02 fe 80 00 00 00 00 00 00 56 57 44 ff fe 32 5f 30 87 00 a9 b6 00 00 00 00 fe 80 00 00 00 00 00 00 56 57 44 ff fe 32 5f 30 01 01 54 45 53 54 5f 30
0 78 ff ff ff ff ff ff 54 45 53 54 5f 30 86 dd 60 00 00 00 00 18 3a ff 2a 0e aa 06 04 97 00 00 00 00 00 00 00 00 00 02 fe 80 00 00 00 00 00 00 56 57 44 ff fe 32 5f 30 87 00 b1 89 00 00 00 00 fe 80 00 00 00 00 00 00 56 57 44 ff fe 32 5f 30
0 86 ff ff ff ff ff ff 54 45 53 54 5f 30 86 dd 60 00 00 00 00 20 3a ff 2a 0e aa 06 04 97 00 00 00 00 00 00 00 00 00 02 fe 80 00 00 00 00 00 00 56 57 44 ff fe 32 5f 30 88 00 66 43 60 00 00 00 2a 0e aa 06 04 97 00 00 00 00 00 00 00 00 00 02 02 01 54 45 53 54 5f 30
0 86 ff ff ff ff ff ff 54 45 53 54 5f 30 86 dd 60 00 00 00 00 20 3a ff fe 80 00 00 00 00 00 00 56 45 53 ff fe 54 5f 30 fe 80 00 00 00 00 00 00 56 57 44 ff fe 32 5f 30 88 00 0b 09 60 00 00 00 fe 80 00 00 00 00 00 00 56 45 53 ff fe 54 5f 30 02 01 54 45 53 54 5f 30
0 86 ff ff ff ff ff ff 54 45 53 54 5f 30 86 dd 60 00 00 00 00 20 3a ff 2a 0e aa 06 04 97 00 00 00 00 00 00 00 00 00 02 fe 80 00 00 00 00 00 00 56 57 44 ff fe 32 5f 30 88 00 38 a6 60 00 00 00 fe 80 00 00 00 00 00 00 56 45 53 ff fe 54 5f 30 02 01 54 45 53 54 5f 30
0 78 ff ff ff ff ff ff 54 45 53 54 5f 30 86 dd 60 00 00 00 00 18 3a ff 2a 0e aa 06 04 97 00 00 00 00 00 00 00 00 00 02 fe 80 00 00 00 00 00 00 56 57 44 ff fe 32 5f 30 88 00 8f 16 40 00 00 00 2a 0e aa 06 04 97 00 00 00 00 00 00 00 00 00 02
1 86 ff ff ff ff ff ff 54 45 53 54 5f 31 86 dd 60 00 00 00 00 20 3a ff 2a 0e aa 06 04 97 00 01 00 00 00 00 00 00 00 02 fe 80 00 00 00 00 00 00 56 57 44 ff fe 32 5f 31 88 00 66 3f 60 00 00 00 2a 0e aa 06 04 97 00 01 00 00 00 00 00 00 00 02 02 01 54 45 53 54 5f 31
3 86 33 33 ff 32 5f 33 54 45 53 54 5f 33 86 dd 60 00 00 00 00 20 3a ff fe 80 00 00 00 00 00 00 56 45 53 ff fe 54 5f 33 ff 02 00 00 00 00 00 00 00 00 00 01 ff 32 5f 33 87 00 15 e1 00 00 00 00 fe 80 00 00 00 00 00 00 56 57 44 ff fe 32 5f 33 01 01 54 45 53 54 5f 33
0 78 33 33 ff 32 5f 30 54 45 53 54 5f 30 86 dd 60 00 00 00 00 18 3a ff 00 00 00 00 00 00 00 00 00 00 00 00 00 00 00 00 ff 02 00 00 00 00 00 00 00 00 00 01 ff 32 5f 30 87 00 24 0b 00 00 00 00 fe 80 00 00 00 00 00 00 56 57 44 ff fe 32 5f 30
0 86 33 33 00 00 00 01 54 45 53 54 5f 30 86 dd 60 00 00 00 00 20 3a ff 2a 0e aa 06 04 97 00 00 00 00 00 00 00 00 00 02 ff 02 00 00 00 00 00 00 00 00 00 00 00 00 00 01 88 00 be 7a 00 00 00 00 2a 0e aa 06 04 97 00 00 00 00 00 00 00 00 00 02 02 01 54 45 53 54 5f 30
0 86 33 33 ff 32 5f 30 54 45 53 54 5f 30 86 dd 60 00 00 00 00 20 3a 40 2a 0e aa 06 04 97 00 00 00 00 00 00 00 00 00 02 ff 02 00 00 00 00 00 00 00 00 00 01 ff 32 5f 30 87 00 43 8a 00 00 00 00 fe 80 00 00 00 00 00 00 56 57 44 ff fe 32 5f 30 01 01 54 45 53 54 5f 30
0 86 33 33 ff 32 5f 30 54 45 53 54 5f 30 86 dd 60 00 00 00 00 20 3a ff 2a 0e aa 06 04 97 00 00 00 00 00 00 00 00 00 02 ff 02 00 00 00 00 00 00 00 00 00 01 ff 32 5f 30 87 2a 43 60 00 00 00 00 fe 80 00 00 00 00 00 00 56 57 44 ff fe 32 5f 30 01 01 54 45 53 54 5f 30
0 86 33 33 ff 32 5f 30 54 45 53 54 5f 30 86 dd 60 00 00 00 00 20 3a ff 2a 0e aa 06 04 97 00 00 00 00 00 00 00 00 00 02 ff 02 00 00 00 00 00 00 00 00 00 01 ff 32 5f 30 87 00 22 22 00 00 00 00 fe 80 00 00 00 00 00 00 56 57 44 ff fe 32 5f 30 01 01 54 45 53 54 5f 30
0 78 ff ff ff ff ff ff 54 45 53 54 5f 30 86 dd 60 00 00 00 00 20 3a ff 2a 0e aa 06 04 97 00 00 00 00 00 00 00 00 00 02 fe 80 00 00 00 00 00 00 56 57 44 ff fe 32 5f 30 87 00 b1 89 00 00 00 00 fe 80 00 00 00 00 00 00 56 57 44 ff fe 32 5f 30
0 86 33 33 ff 32 5f 30 54 45 53 54 5f 30 86 dd 60 00 00 00 00 20 3a ff 2a 0e aa 06 04 97 00 00 00 00 00 00 00 00 00 02 ff 02 00 00 00 00 00 00 00 00 00 01 ff 32 5f 30 87 00 47 55 00 00 00 00 fe 80 00 00 00 00 00 00 56 57 44 ff fe 32 5f 30 01 00 01 00 01 00 01 00
0 86 33 33 ff 00 88 88 54 45 53 54 5f 30 86 dd 60 00 00 00 00 20 3a ff 2a 0e aa 06 04 97 00 00 00 00 00 00 00 00 00 02 ff 02 00 00 00 00 00 00 00 00 00 01 ff 00 88 88 87 00 8a 95 00 00 00 00 fe 80 00 00 00 00 00 00 00 00 00 00 00 00 88 88 01 01 54 45 53 54 5f 30
0 78 ff ff ff ff ff ff 54 45 53 54 5f 30 86 dd 60 00 00 00 00 18 3a ff 00 00 00 00 00 00 00 00 00 00 00 00 00 00 00 00 fe 80 00 00 00 00 00 00 56 57 44 ff fe 32 5f 30 87 00 8a 37 00 00 00 00 fe 80 00 00 00 00 00 00 56 57 44 ff fe 32 5f 30
0 86 33 33 ff 32 5f 30 54 45 53 54 5f 30 86 dd 60 00 00 00 00 20 3a ff 00 00 00 00 00 00 00 00 00 00 00 00 00 00 00 00 ff 02 00 00 00 00 00 00 00 00 00 01 ff 32 5f 30 87 00 1c 38 00 00 00 00 fe 80 00 00 00 00 00 00 56 57 44 ff fe 32 5f 30 01 01 54 45 53 54 5f 30
0 86 33 33 00 00 00 01 54 45 53 54 5f 30 86 dd 60 00 00 00 00 20 3a ff 2a 0e aa 06 04 97 00 00 00 00 00 00 00 00 00 02 ff 02 00 00 00 00 00 00 00 00 00 00 00 00 00 01 88 00 7e 7a 40 00 00 00 2a 0e aa 06 04 97 00 00 00 00 00 00 00 00 00 02 02 01 54 45 53 54 5f 30
0 74 ff ff ff ff ff ff 54 45 53 54 5f 30 86 dd 60 00 00 00 00 14 11 40 2a 0e aa 06 04 97 00 00 00 00 00 00 00 00 00 02 24 02 f0 00 00 00 00 00 00 00 00 00 00 00 00 01 00 07 00 07 00 14 4e 77 68 65 6c 6c 6f 2c 20 30 30 30 30 31
0 74 ff ff ff ff ff ff 54 45 53 54 5f 30 86 dd 60 00 00 00 00 14 11 40 2a 0e aa 06 04 97 00 00 00 00 00 00 00 00 00 02 2a 0e aa 06 04 97 00 01 00 00 00 00 00 00 00 02 00 07 00 07 00 14 89 cb 68 65 6c 6c 6f 2c 20 30 30 30 30 32
0 74 40 41 42 43 44 45 54 45 53 54 5f 30 86 dd 60 00 00 00 00 14 11 40 2a 0e aa 06 04 97 00 00 00 00 00 00 00 00 00 02 2a 0e aa 06 04 97 00 01 00 00 00 00 00 00 00 02 00 07 00 07 00 14 89 ca 68 65 6c 6c 6f 2c 20 30 30 30 30 33
0 74 ff ff ff ff ff ff 54 45 53 54 5f 30 86 dd 60 00 00 00 00 14 11 40 2a 0e aa 06 04 97 00 00 00 00 00 00 00 00 00 02 fe 80 00 00 00 00 00 00 56 57 44 ff fe 32 5f 30 00 07 00 07 00 14 6b 3d 68 65 6c 6c 6f 2c 20 30 30 30 30 34
1 74 ff ff ff ff ff ff 54 45 53 54 5f 31 86 dd 60 00 00 00 00 14 11 40 2a 0e aa 06 04 97 00 01 00 00 00 00 00 00 00 02 2a 0e aa 06 04 97 00 00 00 00 00 00 00 00 01 00 00 07 00 07 00 14 88 ca 68 65 6c 6c 6f 2c 20 30 30 30 30 35
1 74 ff ff ff ff ff ff 54 45 53 54 5f 31 86 dd 60 00 00 00 00 14 11 40 2a 0e aa 06 04 97 00 01 00 00 00 00 00 00 00 02 fd 00 00 00 00 00 00 00 00 00 00 00 00 00 00 01 00 07 00 07 00 14 65 73 68 65 6c 6c 6f 2c 20 30 30 30 30 36
0 74 ff ff ff ff ff ff 54 45 53 54 5f 30 86 dd 60 00 00 00 00 14 11 02 2a 0e aa 06 04 97 00 00 00 00 00 00 00 00 00 02 24 02 f0 00 00 00 00 00 00 00 00 00 00 00 00 01 00 07 00 07 00 14 4e 71 68 65 6c 6c 6f 2c 20 30 30 30 30 37
0 74 ff ff ff ff ff ff 54 45 53 54 5f 30 86 dd 60 00 00 00 00 14 11 01 2a 0e aa 06 04 97 00 00 00 00 00 00 00 00 00 02 24 02 f0 00 00 00 00 00 00 00 00 00 00 00 00 01 00 07 00 07 00 14 4e 70 68 65 6c 6c 6f 2c 20 30 30 30 30 38
0 74 ff ff ff ff ff ff 54 45 53 54 5f 30 86 dd 60 00 00 00 00 14 11 00 2a 0e aa 06 04 97 00 00 00 00 00 00 00 00 00 02 24 02 f0 00 00 00 00 00 00 00 00 00 00 00 00 01 00 07 00 07 00 14 4e 6f 68 65 6c 6c 6f 2c 20 30 30 30 30 39
0 74 ff ff ff ff ff ff 54 45 53 54 5f 30 86 dd 60 00 00 00 00 14 11 01 2a 0e aa 06 04 97 00 00 00 00 00 00 00 00 00 02 fd 00 00 00 00 00 00 00 00 00 00 00 00 00 00 01 00 07 00 07 00 14 64 7a 68 65 6c 6c 6f 2c 20 30 30 30 31 30
0 74 ff ff ff ff ff ff 54 45 53 54 5f 30 86 dd 60 00 00 00 00 14 11 40 2a 0e aa 06 04 97 00 00 00 00 00 00 00 00 00 02 2a 0e aa 06 04 97 00 00 00 00 00 00 00 00 00 01 00 07 00 07 00 14 88 ce 68 65 6c 6c 6f 2c 20 30 30 30 31 31
0 74 ff ff ff ff ff ff 54 45 53 54 5f 30 86 dd 60 00 00 00 00 14 11 01 2a 0e aa 06 04 97 00 00 00 00 00 00 00 00 00 02 2a 0e aa 06 04 97 00 00 00 00 00 00 00 00 00 01 00 07 00 07 00 14 88 cd 68 65 6c 6c 6f 2c 20 30 30 30 31 32
0 74 ff ff ff ff ff ff 54 45 53 54 5f 30 86 dd 60 00 00 00 00 14 11 00 2a 0e aa 06 04 97 00 00 00 00 00 00 00 00 00 02 2a 0e aa 06 04 97 00 00 00 00 00 00 00 00 00 01 00 07 00 07 00 14 88 cc 68 65 6c 6c 6f 2c 20 30 30 30 31 33
0 64 42 65 4c 72 59 45 65 45 43 72 48 49 73 62 78 66 6d 37 33 34 2b 6a 4c 70 66 4a 73 68 51 54 6d 48 73 7a 2b 4e 4a 72 59 52 38 50 43 4b 6f 64 63 57 39 4f 55 38 70 2b 6a 50 6f 74 44 30 30 30 31 34
0 78 ff ff ff ff ff ff 54 45 53 54 5f 30 08 00 42 65 4c 72 59 45 65 45 43 72 48 49 73 62 78 66 6d 37 33 34 2b 6a 4c 70 66 4a 73 68 51 54 6d 48 73 7a 2b 4e 4a 72 59 52 38 50 43 4b 6f 64 63 57 39 4f 55 38 70 2b 6a 50 6f 74 44 30 30 30 31 35
0 78 ff ff ff ff ff ff 54 45 53 54 5f 30 08 06 42 65 4c 72 59 45 65 45 43 72 48 49 73 62 78 66 6d 37 33 34 2b 6a 4c 70 66 4a 73 68 51 54 6d 48 73 7a 2b 4e 4a 72 59 52 38 50 43 4b 6f 64 63 57 39 4f 55 38 70 2b 6a 50 6f 74 44 30 30 30 31 36
0 78 ff ff ff ff ff ff 54 45 53 54 5f 30 86 dd 42 65 4c 72 59 45 65 45 43 72 48 49 73 62 78 66 6d 37 33 34 2b 6a 4c 70 66 4a 73 68 51 54 6d 48 73 7a 2b 4e 4a 72 59 52 38 50 43 4b 6f 64 63 57 39 4f 55 38 70 2b 6a 50 6f 74 44 30 30 30 31 37
1 126 33 33 00 00 00 09 54 45 53 54 5f 31 86 dd 60 00 00 00 00 48 11 01 fe 80 00 00 00 00 00 00 56 45 53 ff fe 54 5f 31 ff 02 00 00 00 00 00 00 00 00 00 00 00 00 00 09 02 09 02 09 00 48 89 39 01 01 00 00 20 01 0d a8 02 00 00 00 00 00 00 00 00 00 00 00 00 00 30 01 24 02 f0 00 00 00 00 00 00 00 00 00 00 00 00 00 00 00 20 01 24 0a a0 00 00 00 00 00 00 00 00 00 00 00 00 00 00 00 14 01
1 126 33 33 00 00 00 09 54 45 53 54 5f 31 86 dd 60 00 00 00 00 48 11 01 2a 0e aa 06 04 97 00 01 00 00 00 00 00 00 00 02 ff 02 00 00 00 00 00 00 00 00 00 00 00 00 00 09 02 09 02 09 00 48 b6 d6 01 01 00 00 20 01 0d a8 02 00 00 00 00 00 00 00 00 00 00 00 00 00 30 01 24 02 f0 00 00 00 00 00 00 00 00 00 00 00 00 00 00 00 20 01 24 0a a0 00 00 00 00 00 00 00 00 00 00 00 00 00 00 00 14 01
1 126 33 33 00 00 00 09 54 45 53 54 5f 31 86 dd 60 00 00 00 00 48 11 01 fe 80 00 00 00 00 00 00 56 45 53 ff fe 54 5f 31 ff 02 00 00 00 00 00 00 00 00 00 00 00 00 00 09 02 09 02 09 00 48 22 22 01 01 00 00 20 01 0d a8 02 00 00 00 00 00 00 00 00 00 00 00 00 00 30 01 24 02 f0 00 00 00 00 00 00 00 00 00 00 00 00 00 00 00 20 01 24 0a a0 00 00 00 00 00 00 00 00 00 00 00 00 00 00 00 14 01
1 126 33 33 00 00 00 09 54 45 53 54 5f 31 86 dd 60 00 00 00 00 48 11 01 fe 80 00 00 00 00 00 00 56 45 53 ff fe 54 5f 31 ff 02 00 00 00 00 00 00 00 00 00 00 00 00 00 09 02 09 02 09 00 48 00 00 01 01 00 00 20 01 0d a8 02 00 00 00 00 00 00 00 00 00 00 00 00 00 30 01 24 02 f0 00 00 00 00 00 00 00 00 00 00 00 00 00 00 00 20 01 24 0a a0 00 00 00 00 00 00 00 00 00 00 00 00 00 00 00 14 01
